419704
545609
481848
338762
454626
495764
682071
181812
496243
618344
530915
539537
38700
443791
920
689723
475557
11
140607
597219
546554
390845
512200
299536
429617
157336
420817
592834
671
27205
330457
508439
619264
474764
39538
466272
420818
122917
131631
120
335984
522627
384018
181808
431693
331482
515001
624808
458156
177572
672
448119
284053
117084
299534
129
150540
359724
530956
155
78
446893
67693
198663
278
597295
570670
696000
283995
290859
12444
320288
530723
585244
271110
605804
24428
299537
12445
678917
324857
269149
559969
767
121
87101
603
1726
244786
141052
482273
293660
465086
109445
284052
560044
675
8392
430155
550
