1910848
1642789
74568
1042728
1488985
1245
2119532
2200292
18918
543261
48
976
234352
1946699
109513
35742
73968
6384
1491344
57755
1702823
12835
1283843
2187124
3
1173223
947514
1549900
9827
287
1259188
1475087
1315036
85
1972707
16828
1407446
1340020
1565240
2093355
1723617
1362223
68610
2524
1640837
146447
933238
192
1867969
1757167
3223
2092377
500
2025252
1987262
107241
6193
1949148
208225
524
10859
17628
1442069
2098557
1795984
1708547
31
1223786
1204384
2110517
1584426
1951
1312450
72129
1075560
1813
1902797
1627812
1397778
6232
556435
6941
16442
18897
2511949
82809
103
1320545
1972706
57395
229932
1892
1318905
2487703
62
77948
4517
224513
59860
70851
